$ANSIBLE_VAULT;1.1;AES256
65613635633730316631653766336366643838333132616236366432383739396133356631366638
6239653862653631353361326534623438323234663062310a383730306263393834386433336638
64623532333936336633306339336134323837363433633331633265316361626132376331646232
3336373561656136650a316438663065633939373933323562666234663563396335333065333235
39663831666465316439646338393937643633646537346334336130613030363865643033353662
36326239393631356239616335343166613063316462383233636131353634653937383265393162
64646239396538366466646634656264346435373362643430376537323466363837623738653437
36323336383039333731663239366232633961353030366335643065326363626230326631323639
65303636656531396665333331653863303430636234643565366136663463383362383062653733
63663466363765656632663736303331303532323334333030333931653839306163393930393162
38313965613263356432383234656131653831613264313263353231386236646363653235633661
62353966303066343330316439343436366665616639636234303030383762356232383036306430
32326432366162313932653930616236323462616438313334373330333432626663616233656536
35303934666339373262373661623732653837376662323035613463623238346663396138346166
31376239313435623337386339363131643439306637306130363263346563346632336536343366
65663638393062303032396566366664313537316634356461363837343138346630356565376566
34313865313631333735646139303033343630623561356661303266303365663264393030306332
36316339376163363965393862376437623335393534366162666239373662313933363664303730
39616264613032306532653962366632643965303762396632336337613034376439366661343437
35663233393932636434
